0	1707	1566	1661	1860	1709	1764	
1	1819	1726	1661	1695	1727	1780	
2	1809	1726	1694	1725	1763	1626	
3	1829	1758	1740	1828	1736	1798	
4	1713	1781	1552	1783	1777	1694	
5	1808	1717	1780	1799	1627	1875	
6	1753	1700	1694	1699	1697	1731	
7	1668	1790	1688	1667	1789	1868	
8	1873	1423	1703	1769	1688	1874	
9	1773	1692	1776	1739	1686	1818	
10	1736	1805	1649	1690	1772	1832	
11	1655	1752	1670	1742	192	1761	
12	1703	1799	1707	1806	1567	1810	
13	1731	1751	1624	1605	1684	1812	
14	1872	1667	1621	1742	1783	1794	
15	1781	1704	1672	1723	1806	1856	
16	1862	1730	1609	1491	1757	1906	
17	1833	1832	1787	1739	1796	1723	
18	1766	1722	1701	1628	1711	1756	
19	1649	1783	1678	1794	1346	1850	
20	1767	1736	1738	1790	1807	1780	
21	1836	1812	1616	1474	1829	1751	
22	1727	1737	1646	1940	1752	1608	
23	1771	1698	1655	1788	1756	1824	
24	1802	1747	1670	1658	1692	1835	
25	1762	1591	1688	1783	1792	1737	
26	1816	1674	1701	1736	1715	1710	
27	1780	1810	1704	1780	1687	1769	
28	1772	1820	1377	1543	1688	1875	
29	1742	1744	1631	1811	1800	1891	
30	1577	1834	1526	1566	1895	1813	
31	1784	1731	1624	1675	1725	1876	
32	1770	1764	1658	1718	1737	1812	
33	1704	1829	1623	1782	1718	1773	
34	1626	1746	1646	1750	1636	1762	
35	1732	1742	1631	1687	1777	1678	
36	1763	1781	1679	1711	1705	1677	
37	1741	1719	1711	1829	1680	1765	
38	1740	1753	1619	1640	1673	1822	
39	1741	1736	1724	1727	1798	1818	
40	1693	1680	1626	1681	1491	1886	
41	1735	1698	1439	1762	1771	1893	
42	1746	1808	1677	1800	1830	1807	
43	1715	1838	1785	1691	1767	1711	
44	1824	1810	1726	1810	1733	1767	
45	1744	1782	1770	1733	1789	1802	
46	1835	1696	1716	1766	1748	1790	
47	1854	1577	1701	1718	1764	1809	
48	1718	1701	1648	1683	1781	1746	
49	1693	1743	1713	1689	1782	1865	
50	1826	1820	1738	1747	1717	1836	
51	1765	1645	1673	1728	1693	1726	
52	1734	1732	1741	1730	1653	1734	
53	1703	1828	1705	1719	1707	1595	
54	1760	1702	1690	1750	1708	1878	
55	1673	1714	1689	1693	1807	1775	
56	1822	1687	1758	1748	1780	1661	
57	1850	1718	1723	1791	1747	1807	
58	1795	1769	1582	1720	1772	1812	
59	1705	1729	1631	1694	1737	1681	
60	1748	1801	1709	1770	1878	1783	
61	1845	1735	1704	1773	1568	1872	
62	1710	1733	1698	1570	1751	1849	
63	1719	1717	1768	1760	1772	1739	
64	1771	1738	1698	1737	1723	1811	
65	1736	1718	1677	1775	1680	1791	
66	1736	1654	1597	1779	1634	1662	
67	1730	1791	1627	1839	1774	1863	
68	1777	1757	1761	1797	1764	1834	
69	1802	1875	1658	1776	1724	1835	
70	1730	1761	1692	1692	1785	1845	
71	1726	1884	1680	1754	1759	1752	
72	1683	1715	1674	1666	1769	1827	
73	1799	1663	1738	1760	1695	1832	
74	1712	1584	1646	1566	1824	1799	
75	1791	1775	1716	1741	1744	1886	
76	1703	1777	1704	1781	1688	1661	
77	1735	1801	1636	1715	1689	1748	
78	1737	1687	1664	1807	1772	1804	
79	1781	1774	1728	1684	1766	1911	
80	1790	1849	1794	1661	1761	1832	
81	1690	1706	1730	1656	1808	1764	
82	1687	1680	1718	1724	1805	1827	
83	1647	1788	1705	1711	1732	1690	
84	1533	1724	1637	1817	1173	1685	
85	1767	1750	1645	1691	1765	1754	
86	1754	1730	1692	1790	1760	1742	
87	1735	1612	1705	1680	1777	1778	
88	1657	1729	1648	1727	1709	1777	
89	1711	1622	1568	1566	1731	1839	
90	1770	1824	1749	1679	1775	1956	
91	1763	1754	1594	1760	1676	1737	
92	1664	1647	1636	1771	1782	1691	
93	1769	1732	1716	1662	1760	1841	
94	1775	1697	1648	1732	1759	1719	
95	1674	1682	0	1727	1701	1914	
96	1736	1732	1713	1688	1754	1758	
97	1697	1763	1709	1663	1718	1828	
98	1800	1731	1747	1740	1778	1775	
99	1550	1744	1710	1708	1769	1830	
100	1773	1745	1704	1766	1584	1829	
101	1753	1701	1563	1659	1779	1809	
102	1785	1721	1807	1722	1735	1809	
103	1693	1856	1695	1710	1610	1818	
104	1767	1620	1664	1714	1749	1788	
105	1732	1685	1676	1721	1659	1818	
106	1745	1833	1657	1791	1732	1805	
107	1754	1771	1672	1764	1697	1877	
108	1763	1753	1716	1744	1774	1870	
109	1799	1788	1758	1749	1839	1802	
110	1819	1713	1757	1822	1758	1818	
111	1809	1816	1522	1736	1768	1778	
112	1768	1715	1676	1751	1813	1774	
113	1745	1784	1679	1726	1748	1718	
114	1716	1258	1571	1743	1709	1810	
115	1798	1637	1679	1818	1855	1769	
116	1775	1542	1642	1723	1685	1847	
117	1731	1809	1669	1799	1736	1852	
118	1756	1685	1644	1876	1776	1631	
119	1756	1707	1676	1758	1785	1769	
120	1638	1766	1663	1784	1725	1829	
121	1751	1821	1660	1807	1680	1748	
122	1879	1730	1748	1774	1809	1804	
123	1773	1788	1756	1802	1669	1759	
124	1677	1805	1766	1676	1725	1871	
125	1802	1807	1710	1745	1615	1828	
126	1736	1752	1720	1654	1755	1818	
127	1673	1681	1759	1697	1766	1851	
128	1787	1683	1688	1736	1908	1712	
129	1684	1779	1632	1669	1758	1878	
130	1774	1727	1735	1644	1747	1817	
131	1793	1723	1767	1699	1696	1710	
132	1741	1734	1589	1779	1776	1812	
133	1789	1820	1647	1697	1807	1794	
134	1748	1766	1769	1770	1815	1708	
135	1694	1765	1531	1680	1697	1787	
136	1711	1680	1601	1706	1670	1835	
137	1773	1801	1602	1709	1754	1781	
138	1842	1886	1712	1706	1702	1831	
139	1766	1853	1673	1730	1779	1786	
140	1787	1777	1743	1687	1630	1793	
141	1782	1810	1710	1740	1783	1771	
142	1694	1726	1810	1702	1776	1759	
143	1843	1699	1656	1726	1637	1795	
144	1703	1795	1715	1728	1635	1816	
145	1750	1732	1713	1749	1632	1858	
146	1720	1774	1655	1663	1764	1801	
147	1719	1803	1753	1723	1624	1805	
148	1783	1676	1735	1750	1737	1825	
149	1782	1794	1710	1673	1803	1819	
150	1664	1744	1750	1768	1712	1762	
151	1798	1807	1662	1775	1743	1767	
152	1736	1680	1643	1638	1740	1783	
153	1727	1719	1732	1748	1797	1791	
154	1701	1658	1652	1714	1734	1710	
155	1721	1794	1764	1736	1750	1850	
156	1763	1746	1709	1779	1743	1874	
157	1760	1760	1724	1752	1768	1802	
158	1739	1773	1643	1730	1762	1759	
159	1485	1607	1644	1720	1857	1781	
160	1754	1729	1706	1767	1724	1835	
161	1740	1729	1680	1814	1709	1791	
162	1742	1765	1748	1789	1684	1822	
163	1823	1737	1632	1705	1731	1743	
164	1756	1707	1740	1718	1742	1750	
165	1733	1637	1660	1749	1843	1881	
166	1775	1779	1706	1700	1767	1808	
167	1759	1811	1671	1772	1385	1730	
168	1725	1743	1774	1779	1610	1929	
169	1743	1715	1661	1740	1725	1786	
170	1745	1521	1740	1738	1755	1853	
171	1727	1733	1718	1703	1736	1854	
172	1742	1732	1753	1709	1756	1856	
173	1813	1758	1721	1727	1722	1798	
174	1771	1775	1739	1845	1716	1720	
175	1794	1784	1663	1720	1850	1805	
176	1749	1750	1634	1714	1796	1666	
177	1721	1750	1739	1878	1771	1872	
178	1801	1703	1739	1724	1719	1758	
179	1749	1664	1652	1676	1699	1723	
180	1631	1804	1711	1428	1707	1809	
181	1679	1721	1655	1684	1812	1680	
182	1804	1668	1715	1767	1692	1736	
183	1735	1753	1632	1717	1738	1860	
184	1732	1772	1701	1726	1773	1762	
185	1612	1830	1687	1745	1781	1914	
186	1765	1765	1698	1773	1847	1857	
187	1766	1750	1598	1718	1800	1780	
188	1783	1780	1611	1739	1618	1799	
189	1774	1731	1672	1751	1763	1786	
190	1696	1680	1754	1771	1773	1880	
191	1809	1736	1565	1752	1615	1780	
192	1756	1837	1661	1710	1728	1784	
193	1843	1705	1709	1676	1786	1822	
194	1794	1800	1709	1816	1804	1796	
195	1731	1768	1577	1870	1755	1803	
196	1772	1785	1824	1724	1778	1994	
197	1777	1858	1719	1728	1683	1803	
198	1745	1685	1693	1829	1793	1846	
199	1758	1832	1730	1633	1799	1742	
200	1825	1726	1694	1509	1758	1899	
201	1719	1724	1709	1686	1802	1767	
202	1744	1802	1672	1751	1662	1858	
203	1740	1766	1747	1751	1787	1850	
204	1661	1665	1714	1747	1765	1781	
205	1760	1693	1660	1761	1854	1762	
206	1716	1725	1657	1780	1767	1901	
207	1784	1774	1777	1752	1797	1972	
208	1770	1835	1678	1801	1590	1728	
209	1107	1647	1742	1697	1850	1772	
210	1781	1839	1731	1827	1757	1865	
211	1698	1750	1636	1741	1877	1745	
212	1751	1774	1673	1742	1817	1841	
213	1879	1755	1702	1730	1750	1834	
214	1737	1754	1627	1765	1638	1760	
215	1713	1812	1656	1801	1789	1721	
216	1755	1743	1709	1624	1641	1849	
217	1963	1807	1640	1660	1763	1793	
218	1754	1724	1700	1697	1837	1828	
219	1756	1795	1752	1699	1736	1729	
220	1696	1788	1683	1664	1691	1714	
221	1568	1789	1609	1764	1743	1770	
222	1754	1738	1663	1774	1704	1740	
223	1697	1776	1632	1712	1709	1743	
224	1639	1759	1646	1752	1804	1651	
225	1807	1672	1687	1658	1693	1881	
226	1753	1705	1682	1788	1605	1889	
227	1823	1705	1697	1733	1754	1819	
228	1753	1642	1608	1749	1714	1752	
229	1816	1804	1713	1730	1711	1695	
230	1733	1729	1690	1736	1572	1771	
231	1781	1685	1605	1835	1717	1815	
232	1703	1791	1705	1778	1709	1734	
233	1873	1856	1637	1721	1843	1805	
234	1858	1701	1697	1755	1851	1822	
235	1768	1692	1679	1804	1243	1821	
236	1802	1739	1702	1773	1646	1644	
237	1808	1639	1732	1719	1731	1827	
238	1679	1636	1661	1724	2096	1894	
239	1741	1770	1672	1865	1779	1742	
240	1729	1820	1602	1766	1820	1785	
241	1672	1709	1671	1794	1718	1815	
242	1788	1721	1663	1748	1805	1040	
243	1813	1820	1634	1685	1765	1786	
244	1832	1698	1740	1849	1675	1775	
245	1655	1711	1528	1710	1769	1825	
246	1719	1756	1694	1774	1711	1713	
247	1719	1803	1625	1729	1651	1745	
248	1750	1709	1648	1782	1797	1702	
249	1820	1823	1681	1777	1655	1856	
250	1807	1796	1690	1756	1776	1714	
251	1784	1756	1637	1717	1804	1792	
252	1375	1844	1716	1809	1774	1811	
253	1786	1740	1689	1707	1795	1700	
254	1739	1837	1611	1753	1695	1901	
255	1755	1754	1714	1616	1666	1788	
